# t   i(t)
#
0 4.20841e-07
1 5.17034e-07
2 1.01002e-06
3 1.88777e-06
4 2.23647e-06
5 2.2485e-06
6 1.70741e-06
7 1.26252e-06
8 4.17234e-06
9 7.1543e-06
10 9.1022e-06
11 1.19158e-05
12 1.76032e-05
13 1.56553e-05
14 1.17836e-05
15 2.4493e-05
16 3.64569e-05
17 4.32625e-05
18 4.87815e-05
19 4.87695e-05
20 4.03647e-05
21 2.72345e-05
22 4.48737e-05
23 5.86533e-05
24 6.82966e-05
25 7.09418e-05
26 7.19158e-05
27 5.67535e-05
28 3.6998e-05
29 4.95391e-05
30 7.28777e-05
31 7.52344e-05
32 7.87454e-05
33 7.44408e-05
34 5.21603e-05
35 3.0493e-05
36 4.4008e-05
37 6.23567e-05
38 6.34509e-05
39 5.9026e-05
40 4.03407e-05
41 3.46773e-05
42 2.24609e-05
43 1.92144e-05
44 2.96513e-05
45 3.99799e-05
46 4.11222e-05
47 3.66252e-05
48 2.53347e-05
49 1.65571e-05
50 2.05731e-05
51 2.62725e-05
52 2.99038e-05
53 2.51663e-05
54 2.28938e-05
55 1.52826e-05
56 8.46493e-06
57 1.34549e-05
58 1.76152e-05
59 1.71944e-05
60 1.75551e-05
61 1.10381e-05
62 7.45491e-06
63 5.11022e-06
64 8.76553e-06
65 1.31303e-05
66 1.46814e-05
67 1.44529e-05
68 1.17595e-05
69 8.14028e-06
70 4.1002e-06
71 8.26052e-06
72 1.02806e-05
73 1.0978e-05
74 9.7034e-06
75 8.7535e-06
76 5.55511e-06
77 3.7996e-06
78 6.52905e-06
79 8.77755e-06
80 1.0004e-05
81 5.03807e-06
82 6.32465e-06
83 4.0521e-06
84 2.63327e-06
85 4.94188e-06
86 7.43086e-06
87 7.86372e-06
88 6.36072e-06
89 5.3507e-06
90 4.49699e-06
91 2.14028e-06
92 1.63527e-06
93 3.69138e-06
94 5.97595e-06
95 6.34869e-06
96 5.25451e-06
97 3.42685e-06
98 1.97194e-06
99 3.55912e-06
100 5.12224e-06
101 6.22845e-06
102 3.37876e-06
103 4.24449e-06
104 3.59519e-06
105 2.06814e-06
106 3.12625e-06
107 6.24048e-06
108 1.04248e-05
109 9.18637e-06
110 1.19158e-05
111 6.84168e-06
112 2.68136e-06
113 5.36272e-06
114 6.50501e-06
115 6.08417e-06
116 6.86573e-06
117 6.9018e-06
118 3.90781e-06
119 2.41683e-06
120 4.98998e-06
121 5.50701e-06
122 5.79559e-06
123 5.66332e-06
124 5.13427e-06
125 3.53507e-06
126 1.73146e-06
127 3.88377e-06
128 4.7495e-06
129 5.41082e-06
130 5.09819e-06
131 5.12224e-06
132 3.33066e-06
133 1.57515e-06
134 3.96793e-06
135 5.62725e-06
136 6.51703e-06
137 6.69739e-06
138 6.28857e-06
139 5.31463e-06
140 2.1523e-06
141 5.48296e-06
142 6.31262e-06
143 8.39278e-06
144 8.30861e-06
145 9.73947e-06
146 6.52905e-06
147 2.5491e-06
148 6.36072e-06
149 9.07815e-06
150 1.099e-05
151 1.04008e-05
152 1.1002e-05
153 6.75751e-06
154 3.66733e-06
155 9.59519e-06
156 1.14228e-05
157 1.33707e-05
158 1.40681e-05
159 1.20842e-05
160 8.54909e-06
161 3.85972e-06
162 1.32866e-05
163 1.43327e-05
164 1.8529e-05
165 1.79399e-05
166 1.65331e-05
167 9.09018e-06
168 5.92785e-06
169 1.86252e-05
170 1.84329e-05
171 2.10781e-05
172 1.94789e-05
173 1.99238e-05
174 1.10381e-05
175 6.79358e-06
176 1.71583e-05
177 1.78797e-05
178 1.94549e-05
179 1.85411e-05
180 1.67134e-05
181 1.00281e-05
182 6.43286e-06
183 1.42605e-05
184 1.59078e-05
185 1.69659e-05
186 1.82284e-05
187 1.79759e-05
188 1.33106e-05
189 6.96192e-06
190 1.699e-05
191 1.66052e-05
192 2.0994e-05
193 1.91062e-05
194 1.98517e-05
195 1.47174e-05
196 9.16232e-06
197 1.79038e-05
198 2.40721e-05
199 2.64048e-05
200 2.83286e-05
201 2.60681e-05
202 1.67375e-05
203 8.30861e-06
204 1.99238e-05
205 2.18357e-05
206 2.65972e-05
207 2.87735e-05
208 2.80521e-05
209 2.14629e-05
210 1.0509e-05
211 2.20521e-05
212 2.6008e-05
213 3.29098e-05
214 3.52064e-05
215 3.51944e-05
216 2.64048e-05
217 1.39118e-05
218 2.9014e-05
219 4.31904e-05
220 5.4036e-05
221 5.60801e-05
222 6.08537e-05
223 4.36593e-05
224 2.73186e-05
225 5.03687e-05
226 6.45571e-05
227 8.71623e-05
228 9.5026e-05
229 9.59519e-05
230 6.83807e-05
231 4.42244e-05
232 7.8024e-05
233 0.000113675
234 0.000149206
235 0.000167495
236 0.000168806
237 0.000133443
238 8.96032e-05
239 0.000144601
240 0.000191651
241 0.000231427
242 0.000238653
243 0.000233351
244 0.000168313
245 0.000126529
246 0.000183391
247 0.000232713
248 0.000254934
249 0.00026786
250 0.000259455
251 0.000191615
252 0.000121852
253 0.000192325
254 0.000235864
255 0.00027297
256 0.000282878
257 0.00025711
258 0.000189896
259 0.000106305
260 0.000176669
261 0.000244749
262 0.000285006
263 0.000285547
264 0.000268064
265 0.000177595
266 0.000106028
267 0.00018125
268 0.000233351
269 0.000265058
270 0.000273667
271 0.0002422
272 0.000179615
273 0.000105619
274 0.000159836
275 0.000231066
